[]
[]
[]
[]
[]
[]
[]
[]
[]
[]
[(768, 320, 64, 64)]
[(672, 352, 64, 64), (768, 320, 64, 64)]
[(672, 352, 64, 64), (768, 320, 64, 64)]
[(672, 352, 64, 64), (768, 320, 64, 64)]
[(768, 320, 128, 128)]
[(768, 320, 128, 128)]
[(768, 320, 128, 128)]
[(800, 320, 64, 96)]
[(768, 320, 128, 128)]
[]
[]
[]
[]
[(816, 288, 144, 96)]
[(640, 608, 64, 64), (816, 288, 144, 128)]
[(816, 288, 144, 144)]
[(816, 288, 144, 96)]
[(816, 288, 192, 96), (1024, 256, 128, 128)]
[(816, 256, 192, 128)]
[(816, 256, 208, 128)]
[(704, 352, 64, 64), (816, 256, 208, 128)]
[(832, 256, 224, 128)]
[(608, 608, 64, 64), (832, 256, 192, 128)]
[(832, 256, 192, 128)]
[(704, 352, 64, 64), (832, 256, 192, 128)]
[(832, 256, 192, 128)]
[(832, 256, 256, 176)]
[(896, 256, 192, 128)]
[(896, 256, 192, 128)]
[(832, 256, 256, 128)]
[(896, 256, 192, 128)]
[(960, 256, 128, 128)]
[]
[]
[]
[]
[]
[]
[]
[]
[]
[]
[(1104, 288, 96, 96)]
[(1104, 288, 96, 96)]
[(1104, 288, 96, 96)]
[]
[]
[]
[]
[]
[]
[]
[(960, 288, 96, 96)]
[(960, 288, 96, 96)]
[(960, 288, 96, 96)]
[]
[]
[]
[]
[]
[]
[]
[(672, 352, 64, 64)]
[(1088, 320, 64, 64)]
[(1088, 320, 64, 64)]
[]
[]
[(704, 352, 64, 64)]
[(768, 352, 64, 64)]
[]
[]
[]
[]
[]
[]
[]
[]
[]
[(704, 352, 64, 64)]
[(800, 352, 64, 64)]
[]
[]
[]
[]
[]
[]
[]
[]
[]
[]
[]
[]
[]
[]
[]
[]
[]
[]
[]
[]
[]
[]
[]
[(864, 352, 64, 64)]
[]
[]
[]
[]
[]
[]
[]
[]
[]
[]
[]
[]
[]
[]
[]
[]
[]
[]
[]
[]
[(1184, 320, 64, 64)]
[]
[]
[]
[]
[]
[]
[]
[]
[]
[]
[]
[]
[]
[]
[]
[]
[]
[]
[]
[]
[]
[(1184, 416, 64, 64)]
[(1184, 416, 64, 64)]
[(1184, 416, 64, 64)]
[(1184, 416, 64, 64)]
[(1184, 416, 64, 64)]
[]
[]
[(1184, 416, 64, 64)]
[(1184, 416, 64, 64)]
[]
[(1184, 416, 64, 64)]
[(1152, 416, 96, 96)]
[(1152, 416, 96, 64)]
[(1152, 384, 96, 96)]
[(1152, 384, 96, 96)]
[]
[(1152, 384, 96, 96)]
[(1152, 416, 96, 64)]
[(1184, 416, 64, 64)]
[(1184, 416, 64, 64)]
[(1184, 416, 64, 64)]
[(1152, 416, 96, 64)]
[(1088, 384, 128, 128), (896, 320, 64, 64)]
[(1088, 384, 128, 128)]
[(1088, 384, 128, 128)]
[(1088, 384, 128, 128)]
[]
[(1088, 384, 128, 128)]
[(1088, 384, 128, 128)]
[(1088, 384, 128, 144)]
[(1088, 384, 128, 144)]
[(1088, 384, 128, 144)]
[(1088, 384, 128, 144)]
[(608, 608, 64, 64), (1088, 384, 128, 144)]
[(1088, 384, 128, 144)]
[(1088, 384, 128, 144)]
[(1088, 384, 128, 144)]
[(1088, 384, 128, 144)]
[(1088, 384, 128, 128)]
[(1088, 384, 128, 128)]
[(1088, 384, 128, 128)]
[(1088, 384, 128, 128)]
[(1088, 384, 160, 128)]
[(1088, 384, 160, 128)]
[(1088, 384, 160, 128)]
[(1088, 384, 128, 144)]
[(1088, 384, 128, 144)]
[(1088, 384, 128, 128)]
[(1088, 384, 128, 128)]
[(1088, 384, 128, 128)]
[(1088, 384, 128, 128)]
[(1088, 384, 128, 128)]
[(1088, 384, 128, 128)]
[(1088, 384, 128, 128)]
[(1088, 384, 128, 128)]
[(1088, 384, 160, 128)]
[(1088, 384, 128, 128)]
[(1088, 384, 128, 128)]
[(1088, 384, 160, 128)]
[(1088, 384, 160, 128)]
[(1088, 384, 160, 128)]
[(1088, 384, 160, 128)]
[(1088, 384, 160, 128)]
[(1056, 384, 192, 128)]
[(1056, 384, 192, 128)]
[(1056, 384, 192, 128)]
[(1056, 384, 192, 128)]
[(1056, 384, 192, 128)]
[(1056, 384, 192, 144)]
[(1056, 384, 192, 144)]
[(1056, 384, 192, 144)]
[(1088, 384, 160, 128)]
[(1088, 384, 160, 128)]
[(1088, 384, 160, 128)]
[(1088, 384, 160, 128)]
[(1024, 384, 224, 128), (816, 336, 96, 96)]
[(1088, 384, 160, 128), (816, 336, 96, 96)]
[(1024, 384, 224, 128), (816, 336, 96, 96)]
[(1024, 384, 224, 128)]
[(1024, 384, 192, 128)]
[(1024, 384, 192, 128)]
[(1024, 384, 192, 144)]
[(1024, 384, 192, 144)]
[(1024, 384, 192, 144)]
[(1024, 384, 128, 128)]
[(1024, 384, 192, 128)]
[(1024, 384, 192, 128)]
[(1024, 384, 192, 128)]
[(1024, 384, 192, 128)]
[(608, 608, 64, 64), (1024, 384, 224, 144)]
[(1024, 384, 224, 128)]
[(1024, 384, 224, 128)]
[(1024, 384, 224, 128)]
[(1024, 384, 224, 128)]
[(1024, 384, 224, 128)]
[(960, 256, 288, 256)]
[(1024, 384, 224, 128)]
[(1024, 384, 224, 128)]
[(1024, 384, 192, 128)]
[(1024, 384, 224, 128)]
[(1024, 384, 224, 128)]
[(1024, 384, 192, 128)]
[(1024, 384, 224, 128)]
[(1024, 384, 192, 128)]
[(1024, 384, 192, 128)]
[(1024, 384, 192, 128)]
[(1024, 384, 192, 128)]
[(1024, 384, 192, 128)]
[(1024, 384, 192, 144)]
[(1024, 384, 192, 128)]
[(1024, 384, 192, 144)]
[(1024, 384, 192, 144)]
[(1024, 384, 224, 128)]
[(1024, 384, 224, 128)]
[(1024, 384, 224, 128)]
[(1024, 384, 192, 128)]
[(1024, 384, 192, 128)]
[(1024, 384, 192, 144)]
[(1024, 384, 192, 144)]
[(1024, 384, 192, 144)]
[(1024, 384, 224, 144)]
[(1024, 384, 224, 144)]
[(1024, 384, 224, 144)]
[(1024, 384, 192, 144)]
[(1024, 384, 192, 144)]
[(1008, 384, 240, 144)]
[(1024, 256, 224, 272)]
[(1024, 384, 224, 144)]
[(1008, 384, 240, 144)]
[(1008, 384, 240, 144)]
[(1024, 384, 224, 144)]
[(1024, 384, 224, 144)]
[(1024, 384, 192, 144)]
[(1024, 384, 192, 144)]
[(1024, 384, 192, 144)]
[(1008, 384, 240, 144)]
[(1024, 384, 224, 144)]
[(1008, 384, 240, 144)]
[(1024, 384, 224, 144)]
[(1008, 384, 240, 144)]
[(1024, 384, 224, 144)]
[(1008, 384, 240, 144)]
[(1008, 384, 240, 144)]
[(1008, 384, 208, 144)]
[(1024, 384, 192, 144)]
[(1024, 384, 192, 144)]
[(1024, 384, 192, 144)]
[(1008, 320, 208, 208)]
[(1008, 384, 208, 144)]
[(1008, 384, 208, 144)]
[(1008, 384, 208, 144)]
[(1008, 384, 208, 144)]
[(1008, 384, 208, 144)]
[(1024, 384, 192, 144)]
[(1008, 384, 208, 144)]
[(1024, 384, 192, 144)]
[(1024, 384, 192, 144)]
[(1024, 384, 192, 144)]
[(1024, 320, 224, 208)]
[(1024, 384, 192, 144)]
[(1024, 384, 192, 144)]
[(1008, 384, 208, 144), (768, 320, 64, 64)]
[(960, 384, 256, 144)]
[(1024, 384, 192, 144)]
[(1024, 384, 192, 144)]
[(992, 384, 224, 144)]
[(992, 384, 224, 144)]
[(992, 384, 224, 144)]
[(1008, 384, 208, 144)]
[(992, 384, 224, 144)]
[(992, 384, 224, 144)]
[(992, 384, 224, 144)]
[(992, 384, 224, 144)]
[(960, 384, 256, 144)]
[(992, 384, 224, 144)]
[(992, 384, 208, 144)]
[(992, 384, 208, 144)]
[(992, 384, 208, 144)]
[(1008, 384, 192, 144)]
[(992, 384, 224, 144)]
[(992, 384, 208, 144)]
[(992, 384, 208, 144)]
[(992, 384, 208, 144)]
[(992, 384, 208, 144)]
[(960, 384, 224, 144)]
[(960, 384, 240, 144)]
[(960, 256, 256, 272)]
[(960, 256, 256, 256)]
[(960, 256, 256, 256)]
[(992, 256, 224, 272)]
[(992, 384, 160, 144)]
[(992, 384, 160, 128)]
[(960, 384, 192, 128)]
[(960, 384, 192, 128)]
[(960, 384, 192, 128)]
[(960, 384, 192, 128)]
[(960, 384, 192, 128)]
[(960, 384, 192, 128)]
[(960, 384, 192, 128)]
[(992, 384, 160, 128)]
[(960, 384, 192, 128)]
[(960, 384, 192, 128)]
[(960, 384, 192, 128)]
[(960, 384, 192, 144)]
[(992, 384, 160, 128)]
[(992, 384, 160, 128)]
[(960, 384, 192, 128)]
[(960, 384, 192, 128)]
[(960, 384, 192, 144)]
[(960, 384, 192, 128)]
[(960, 384, 192, 128)]
[(960, 384, 192, 128)]
[(960, 384, 192, 144)]
[(960, 384, 192, 144)]
[(960, 384, 240, 144)]
[(960, 384, 240, 144)]
[(960, 384, 192, 128)]
[(960, 384, 192, 128)]
[(960, 384, 192, 128)]
[(960, 384, 192, 144)]
[(960, 384, 192, 128)]
[(960, 384, 192, 128)]
[(960, 384, 192, 128)]
[(960, 384, 192, 128)]
[(960, 384, 192, 128)]
[(960, 384, 192, 128)]
[(960, 384, 192, 128)]
[(960, 384, 128, 128)]
[(960, 384, 128, 128)]
[(960, 384, 128, 128)]
[(960, 384, 192, 128)]
[(960, 384, 128, 128)]
[(960, 384, 128, 128)]
[(960, 384, 128, 128)]
[(960, 384, 128, 128)]
[(960, 384, 128, 128)]
[(960, 384, 144, 144)]
[(928, 384, 224, 144)]
[(928, 384, 224, 144)]
[(928, 384, 160, 128)]
[(928, 384, 160, 128)]
[(928, 384, 160, 128)]
[(928, 384, 160, 128)]
[(928, 384, 160, 128)]
[(928, 384, 160, 128)]
[(928, 384, 160, 128)]
[(928, 384, 160, 128)]
[(928, 384, 160, 128)]
[(928, 384, 160, 128)]
[(928, 384, 160, 128)]
[(928, 384, 160, 128)]
[(928, 384, 160, 128)]
[(928, 384, 160, 128)]
[(928, 384, 160, 128)]
[(928, 384, 160, 128)]
[(896, 384, 192, 128)]
[(928, 384, 160, 128)]
[(928, 384, 160, 128)]
[(928, 384, 160, 128)]
[(928, 384, 160, 128)]
[(928, 384, 160, 128)]
[(928, 384, 160, 128)]
[(928, 384, 160, 128)]
[(896, 384, 192, 128)]
[(928, 384, 160, 128)]
[(896, 256, 192, 256)]
[(928, 384, 160, 128)]
[(928, 384, 160, 128)]
[(928, 384, 160, 128)]
[(928, 384, 160, 128)]
[(928, 384, 160, 128)]
[(928, 384, 160, 128)]
[(928, 416, 128, 64), (800, 384, 64, 64)]
[(992, 416, 64, 64), (800, 384, 64, 64)]
[(928, 416, 128, 64)]
[(928, 416, 128, 64)]
[(912, 384, 176, 128)]
[(912, 384, 176, 128)]
[(912, 384, 176, 128)]
[(896, 384, 192, 128)]
[(960, 384, 128, 128)]
[(896, 416, 128, 64)]
[(896, 384, 192, 128)]
[(896, 384, 192, 128)]
[(896, 416, 128, 64), (1024, 256, 128, 128)]
[(832, 384, 192, 96)]
[(896, 384, 128, 128)]
[(896, 416, 128, 64)]
[(896, 416, 128, 64)]
[(896, 384, 128, 128)]
[(896, 384, 128, 128)]
[(896, 416, 128, 64)]
[(896, 416, 128, 64)]
[(864, 384, 160, 96)]
[(896, 416, 128, 64)]
[(896, 416, 128, 64)]
[(896, 416, 128, 64)]
[(896, 384, 128, 128)]
[(896, 384, 128, 128)]
[(864, 336, 160, 144)]
[(864, 336, 160, 176)]
[(864, 336, 160, 176)]
[(896, 384, 128, 128)]
[(896, 384, 128, 128)]
[(896, 384, 128, 96)]
[(896, 384, 128, 128)]
[(896, 384, 128, 128)]
[(896, 384, 128, 128)]
[(896, 384, 128, 128)]
[(896, 384, 128, 128)]
[(896, 384, 128, 128)]
[(896, 384, 128, 128)]
[(896, 384, 128, 128)]
[(896, 384, 128, 128)]
[(896, 384, 192, 128)]
[(896, 384, 128, 128)]
[(896, 384, 128, 128)]
[(896, 352, 192, 160)]
[(896, 352, 128, 160)]
[(896, 384, 128, 128)]
[(896, 384, 128, 128)]
[(896, 336, 208, 176)]
[(896, 336, 256, 176)]
[(896, 320, 256, 192)]
[(896, 320, 256, 192)]
[(896, 320, 256, 192)]
[(896, 320, 256, 192)]
[(896, 320, 256, 192)]
[(896, 320, 256, 192)]
[(896, 384, 128, 128)]
[(896, 384, 128, 128), (1088, 320, 160, 160)]
[(896, 384, 128, 128), (1088, 320, 128, 160)]
[(896, 384, 128, 128), (1088, 320, 128, 128)]
[(896, 384, 128, 128), (1088, 320, 128, 128)]
[(896, 384, 128, 128), (1088, 320, 128, 128)]
[(896, 384, 128, 128), (1088, 320, 128, 128)]
[(896, 384, 128, 128), (1088, 320, 160, 128)]
[(896, 384, 128, 128), (1152, 320, 96, 96)]
[(896, 384, 128, 128), (1152, 320, 96, 96)]
[(896, 384, 128, 128), (1184, 320, 64, 96)]
[(896, 384, 128, 128)]
[(896, 384, 128, 128)]
[(1184, 416, 64, 64), (896, 384, 128, 128)]
[(896, 384, 128, 128)]
[(896, 384, 128, 128)]
[(896, 384, 128, 128)]
[(896, 384, 128, 128)]
[(896, 384, 128, 128)]
[(896, 384, 128, 128)]
[(896, 384, 128, 128)]
[(896, 384, 128, 128)]
[(896, 384, 128, 128)]
[(896, 384, 128, 128)]
[(896, 384, 128, 128)]
[(896, 384, 128, 128)]
[(896, 384, 128, 128)]
[(896, 384, 128, 128)]
[(896, 384, 128, 128)]
[(896, 384, 128, 128)]
[(896, 384, 128, 128)]
[(896, 384, 128, 128)]
[(896, 384, 128, 128)]
[(896, 384, 128, 128)]
[(896, 384, 128, 128)]
[(896, 384, 128, 128)]
[(896, 384, 128, 128)]
[(896, 384, 128, 128)]
[(896, 384, 128, 128)]
[(896, 384, 128, 128)]
[(896, 384, 128, 128)]
[(896, 384, 128, 128)]
[(896, 384, 128, 128)]
[(896, 384, 128, 128)]
[(896, 384, 128, 128)]
[(896, 384, 128, 128)]
[(896, 384, 128, 128)]
[(896, 384, 128, 128)]
[(896, 384, 128, 128)]
[(896, 384, 128, 128)]
[(832, 384, 192, 128)]
[(896, 384, 128, 128)]
[(896, 384, 128, 128)]
[(896, 384, 128, 128)]
[(896, 384, 128, 128)]
[(896, 384, 128, 128)]
[(896, 384, 128, 128)]
[(896, 384, 128, 128)]
[(864, 384, 160, 128)]
[(896, 384, 128, 128)]
[(896, 384, 128, 128)]
[(896, 384, 128, 128)]
[(896, 384, 128, 128)]
[(896, 384, 128, 128)]
[(912, 384, 96, 96)]
[(912, 384, 96, 96)]
[(912, 384, 96, 96)]
[(912, 384, 96, 96)]
[(912, 384, 96, 96)]
[(912, 384, 96, 96)]
[(912, 384, 96, 96)]
[(912, 384, 96, 96)]
[(912, 384, 96, 96)]
[(912, 384, 96, 96)]
[(912, 384, 96, 96)]
[(912, 384, 96, 96)]
[(912, 384, 96, 96)]
[(912, 384, 96, 96)]
[(912, 384, 96, 96)]
[(912, 384, 96, 96)]
[(928, 416, 64, 64)]
[(864, 384, 128, 96)]
[(864, 384, 128, 96)]
[(864, 384, 128, 96)]
[(912, 384, 96, 96)]
[(912, 384, 96, 96)]
[(912, 384, 96, 96)]
[(912, 384, 96, 96)]
[(912, 384, 96, 96)]
[(912, 384, 96, 96)]
[(912, 384, 96, 96)]
[(912, 384, 96, 96)]
[(912, 384, 96, 96)]
[(928, 416, 64, 64)]
[(928, 416, 64, 64)]
[(928, 416, 64, 64)]
[(912, 384, 96, 96)]
[(912, 384, 96, 96)]
[(928, 416, 64, 64)]
[(928, 416, 64, 64)]
[(896, 384, 128, 128)]
[(928, 416, 64, 64)]
[(928, 416, 64, 64)]
[(928, 416, 64, 64)]
[(912, 384, 96, 96)]
[(912, 384, 96, 96)]
[(912, 384, 96, 96)]
[(912, 384, 96, 96)]
[(912, 384, 96, 96)]
[(912, 384, 96, 96)]
[(912, 384, 96, 96)]
[(912, 384, 96, 96)]
[(896, 384, 128, 128)]
[(896, 384, 128, 128)]
[(896, 384, 128, 128)]
[(896, 384, 128, 128)]
[(896, 384, 128, 128)]
[(896, 384, 128, 128)]
[(896, 384, 128, 128)]
[(896, 384, 128, 128)]
[(896, 384, 128, 128)]
[(896, 384, 128, 128)]
[(928, 416, 64, 64)]
[(928, 416, 64, 64)]
[(928, 416, 64, 64)]
[(896, 384, 128, 128)]
[(928, 416, 64, 64)]
[(928, 416, 64, 64)]
[(896, 416, 96, 64)]
[(1120, 576, 64, 64), (896, 384, 128, 128)]
[(896, 416, 96, 64)]
[(896, 416, 96, 64)]
[(896, 416, 96, 64)]
[(896, 416, 96, 64)]
[(896, 416, 96, 64)]
[(896, 416, 96, 64)]
[(928, 416, 64, 64)]
[(896, 416, 96, 64)]
[(608, 608, 64, 64), (896, 416, 96, 64)]
[(640, 608, 64, 64), (896, 416, 96, 64)]
[(928, 416, 64, 64)]
[(896, 416, 96, 64)]
[(928, 416, 64, 64)]
[(640, 608, 64, 64), (896, 416, 96, 64)]
[(896, 384, 128, 128)]
[(1184, 480, 64, 64), (896, 416, 96, 64)]
[(928, 416, 64, 64)]
[(928, 416, 64, 64)]
[(896, 416, 64, 64)]
[(896, 416, 64, 64)]
[(800, 608, 64, 64), (896, 416, 64, 64)]
[(896, 416, 64, 64)]
[(896, 416, 64, 64)]
[(864, 416, 96, 64)]
[(768, 608, 64, 64), (864, 416, 96, 64)]
[(720, 576, 112, 96), (864, 384, 96, 96)]
[(864, 384, 96, 96)]
[(896, 416, 64, 64)]
[(672, 608, 64, 64), (896, 416, 64, 64)]
[(624, 576, 96, 96), (864, 416, 96, 64)]
[(624, 576, 144, 96), (864, 416, 96, 64)]
[(704, 608, 64, 64), (864, 416, 96, 64)]
[(624, 576, 144, 96), (864, 416, 96, 64)]
[(864, 416, 96, 64)]
[(896, 416, 64, 64)]
[(896, 416, 64, 64)]
[(864, 416, 96, 64)]
[(896, 416, 64, 64)]
[(864, 384, 96, 96)]
[(864, 384, 96, 96)]
[(864, 384, 96, 96)]
[(864, 384, 96, 96)]
[(896, 416, 64, 64)]
[(896, 416, 64, 64)]
[(864, 384, 96, 96)]
[(624, 576, 96, 96), (896, 416, 64, 64)]
[(896, 416, 64, 64)]
[(896, 416, 64, 64)]
[(896, 416, 64, 64)]
[(896, 416, 64, 64)]
[(896, 416, 64, 64)]
[(704, 608, 64, 64), (896, 416, 64, 64)]
[(864, 384, 96, 96)]
[(864, 384, 96, 96), (672, 336, 96, 96)]
[(640, 608, 96, 64), (864, 384, 96, 96), (672, 336, 96, 96)]
[(672, 608, 128, 64), (896, 416, 64, 64)]
[(720, 576, 96, 96), (896, 416, 64, 64)]
[(864, 384, 96, 96)]
[(864, 384, 96, 96)]
[(864, 384, 96, 96)]
[(720, 576, 96, 96), (864, 384, 96, 96)]
[(864, 384, 96, 96)]
[(864, 384, 96, 96)]
[(864, 384, 96, 96)]
[(768, 608, 64, 64), (864, 384, 96, 96)]
[(864, 384, 96, 96)]
[(864, 384, 96, 96)]
[(624, 576, 96, 96), (864, 384, 96, 96)]
[(624, 576, 192, 96), (864, 384, 96, 96)]
[(624, 576, 96, 96), (864, 384, 96, 96)]
[(864, 384, 96, 96)]
[(736, 608, 64, 64), (864, 384, 96, 96)]
[(864, 384, 96, 96)]
[(864, 384, 96, 96)]
[(864, 384, 96, 96)]
[(864, 384, 96, 96)]
[(864, 384, 96, 96)]
[(864, 384, 96, 96)]
[(864, 384, 96, 96)]
[(864, 384, 96, 96)]
[(864, 384, 96, 96)]
[(672, 608, 64, 64), (864, 384, 96, 96)]
[(1184, 448, 64, 64), (864, 384, 96, 96)]
[(720, 576, 96, 96), (1184, 448, 64, 64), (864, 384, 96, 96)]
[(1184, 448, 64, 64), (864, 384, 96, 96)]
[(1184, 448, 64, 64), (864, 384, 96, 96)]
[(768, 608, 64, 64), (1152, 448, 64, 64), (864, 384, 96, 96)]
[(1152, 448, 96, 64), (864, 384, 96, 96)]
[(1152, 448, 96, 64), (864, 384, 96, 96)]
[(768, 608, 64, 64), (1088, 448, 160, 128), (864, 384, 96, 96)]
[(1120, 448, 128, 64), (864, 384, 96, 96)]
[(1120, 448, 128, 64), (864, 384, 96, 96)]
[(1088, 448, 128, 64), (864, 384, 96, 96)]
[(624, 576, 96, 96), (1088, 448, 128, 64), (864, 384, 96, 96)]
[(1088, 416, 160, 112), (864, 384, 96, 96)]
[(1104, 416, 144, 112), (864, 384, 96, 96)]
[(1104, 432, 96, 96), (864, 384, 96, 96)]
[(1088, 384, 160, 144), (864, 384, 96, 96)]
[(1056, 384, 192, 144), (864, 384, 96, 96)]
[(1056, 384, 192, 144), (864, 384, 96, 96)]
[(1056, 384, 192, 144), (864, 384, 96, 96)]
[(1056, 384, 192, 144), (864, 384, 96, 96)]
[(1056, 384, 192, 144), (864, 384, 96, 96)]
[(896, 416, 64, 64), (1056, 384, 192, 144)]
[(1056, 384, 160, 144), (864, 384, 96, 96)]
[(672, 608, 64, 64), (1056, 432, 96, 96), (896, 416, 64, 64)]
[(624, 576, 96, 96), (1184, 448, 64, 64), (1008, 432, 144, 96), (896, 416, 64, 64)]
[(1008, 432, 208, 96), (864, 384, 96, 96)]
[(1056, 432, 160, 96), (864, 384, 96, 96)]
[(992, 384, 256, 144), (864, 384, 96, 96)]
[(704, 608, 64, 64), (1184, 544, 64, 64), (1184, 448, 64, 64), (1056, 384, 96, 96), (864, 384, 96, 96)]
[(1152, 448, 64, 64), (864, 384, 96, 96)]
[(1056, 384, 192, 144), (864, 384, 96, 96)]
[(1024, 384, 224, 192), (864, 384, 96, 96)]
[(896, 416, 64, 64), (1056, 384, 160, 256)]
[(896, 416, 64, 64), (1008, 384, 208, 192)]
[(896, 416, 64, 64), (1056, 384, 160, 192)]
[(896, 416, 64, 64), (992, 384, 224, 192)]
[(896, 416, 64, 64), (1008, 384, 208, 192)]
[(672, 608, 64, 64), (896, 416, 64, 64), (1024, 384, 192, 192)]
[(896, 416, 64, 64), (1024, 384, 224, 192)]
[(1024, 384, 192, 144), (864, 384, 96, 96)]
[(896, 416, 64, 64), (1024, 384, 192, 192)]
[(896, 416, 64, 64), (1024, 384, 224, 192)]
[(736, 608, 64, 64), (896, 416, 64, 64), (1008, 384, 240, 192)]
[(896, 416, 64, 64), (1008, 384, 192, 144)]
[(896, 384, 320, 144)]
[(896, 384, 304, 144)]
[(896, 384, 304, 192)]
[(896, 384, 320, 144)]
[(896, 384, 320, 144)]
[(864, 384, 352, 144)]
[(896, 384, 320, 192)]
[(896, 384, 320, 144)]
[(896, 384, 352, 192)]
[(1008, 384, 240, 192), (864, 384, 96, 96)]
[(992, 384, 256, 192), (864, 384, 96, 96)]
[(896, 384, 320, 192)]
[(896, 384, 320, 192)]
[(896, 384, 320, 192)]
[(896, 384, 320, 192)]
[(896, 384, 320, 192)]
[(896, 384, 320, 192)]
[(896, 384, 320, 192)]
[(896, 384, 320, 192)]
[(896, 384, 320, 192)]
[(896, 384, 256, 144)]
[(896, 384, 320, 192)]
[(896, 384, 320, 192)]
[(896, 384, 320, 192)]
[(896, 384, 304, 192)]
[(896, 384, 304, 144)]
[(896, 384, 304, 192)]
[(896, 384, 304, 192)]
[(896, 384, 304, 192)]
[(896, 384, 304, 192)]
[(896, 384, 304, 192)]
[(912, 384, 288, 144)]
[(912, 384, 272, 192)]
[(896, 384, 288, 128)]
[(896, 384, 256, 144)]
[(896, 384, 256, 144)]
[(896, 384, 256, 144)]
[(896, 384, 256, 128)]
[(896, 384, 256, 192)]
[(896, 384, 256, 192)]
[(896, 384, 256, 160)]
[(896, 384, 256, 144)]
[(896, 384, 256, 160)]
[(896, 384, 256, 160)]
[(896, 384, 256, 192)]
[(896, 384, 256, 160)]
[(896, 384, 256, 160)]
[(896, 384, 256, 144)]
[(896, 384, 256, 160)]
[(896, 384, 256, 144)]
[(896, 384, 192, 144)]
[(896, 384, 192, 144)]
[(896, 384, 160, 160)]
[(896, 384, 208, 160)]
[(896, 384, 208, 160)]
[(896, 384, 208, 160)]
[(896, 384, 192, 144)]
[(896, 384, 192, 144)]
[(896, 384, 208, 144)]
[(896, 384, 192, 160)]
[(896, 384, 208, 144)]
[(896, 384, 192, 144)]
[(896, 384, 192, 144)]
[(896, 384, 192, 160)]
[(896, 384, 208, 160)]
[(896, 384, 208, 144)]
[(896, 384, 208, 144)]
[(896, 384, 208, 144)]
[(896, 384, 208, 144)]
[(896, 384, 192, 144)]
[(896, 384, 192, 144)]
[(896, 384, 208, 144)]
[(896, 384, 192, 128)]
[(896, 384, 192, 144)]
[(896, 384, 192, 144)]
[(896, 384, 192, 144)]
[(896, 384, 192, 144)]
[(896, 384, 192, 144)]
[(896, 384, 192, 144)]
[(896, 384, 192, 144)]
[(896, 384, 192, 144)]
[(896, 384, 192, 144)]
[(896, 384, 192, 144)]
[(896, 384, 160, 144)]
[(896, 384, 160, 144)]
[(896, 384, 160, 144)]
[(896, 384, 160, 144)]
[(896, 416, 160, 112)]
[(896, 416, 160, 112)]
[(864, 384, 192, 144)]
[(864, 384, 192, 144)]
[(896, 384, 160, 144)]
[(864, 384, 192, 144)]
[(896, 384, 160, 144)]
[(864, 384, 192, 144)]
[(832, 384, 224, 144)]
[(864, 384, 192, 144)]
[(864, 384, 160, 144)]
[(832, 384, 224, 144)]
[(864, 384, 160, 128)]
[(864, 384, 160, 128)]
[(864, 384, 160, 128)]
[(864, 384, 160, 128)]
[(832, 384, 192, 128)]
[(832, 384, 192, 128)]
[(832, 384, 224, 144)]
[(832, 384, 192, 144)]
[(832, 384, 192, 128)]
[(832, 384, 192, 144)]
[(832, 384, 224, 128)]
[(832, 384, 192, 128)]
[(832, 384, 224, 128)]
[(832, 384, 224, 128)]
[(832, 384, 224, 144)]
[(832, 384, 192, 128)]
[(832, 384, 224, 128)]
[(832, 384, 224, 144)]
[(832, 384, 224, 144)]
[(832, 384, 224, 144)]
[(832, 384, 224, 128)]
[(832, 384, 256, 128)]
[(832, 384, 256, 144)]
[(832, 384, 256, 144)]
[(832, 384, 224, 144)]
[(832, 384, 256, 144)]
[(832, 384, 256, 144)]
[(832, 384, 256, 144)]
[(832, 384, 256, 144)]
[(832, 384, 256, 144)]
[(832, 384, 256, 144)]
[(832, 384, 256, 128)]
[(832, 384, 256, 128)]
[(816, 384, 272, 128)]
[(816, 384, 272, 128)]
[(832, 384, 256, 128)]
[(816, 384, 272, 128)]
[(768, 384, 320, 128)]
[(816, 384, 272, 128)]
[(816, 384, 272, 128), (624, 288, 96, 96)]
[(816, 384, 272, 128)]
[(816, 384, 272, 128)]
[(832, 384, 256, 128)]
[(816, 384, 272, 128)]
[(816, 384, 272, 128)]
[(816, 384, 272, 128)]
[(816, 384, 272, 128)]
[(816, 384, 272, 128)]
[(816, 384, 272, 128)]
[(768, 384, 320, 128)]
[(768, 384, 320, 128)]
[(768, 384, 320, 144)]
[(768, 384, 320, 128)]
[(768, 384, 320, 128)]
[(816, 384, 272, 128)]
[(816, 384, 272, 128)]
[(816, 384, 272, 128)]
[(768, 384, 320, 128)]
[(816, 384, 272, 144)]
[(768, 384, 320, 128)]
[(768, 384, 320, 128)]
[(816, 384, 272, 128)]
[(816, 384, 272, 128)]
[(816, 384, 272, 128)]
[(768, 384, 320, 128)]
[(816, 384, 272, 128)]
[(816, 384, 272, 128)]
[(816, 384, 272, 144)]
[(768, 384, 320, 144)]
[(816, 384, 272, 144)]
[(816, 384, 336, 144)]
[(816, 384, 336, 144)]
[(816, 384, 272, 144)]
[(768, 384, 320, 144)]
[(768, 384, 352, 144)]
[(816, 384, 336, 144)]
[(768, 384, 384, 128)]
[(816, 384, 336, 128)]
[(816, 336, 336, 176)]
[(768, 384, 384, 128)]
[(768, 336, 384, 192)]
[(816, 384, 336, 144)]
[(816, 320, 336, 208)]
[(800, 384, 352, 128)]
[(608, 608, 64, 64), (768, 320, 384, 208)]
[(800, 384, 352, 128)]
[(768, 384, 384, 128)]
[(768, 384, 384, 128)]
[(768, 384, 384, 128)]
[(800, 384, 352, 128)]
[(1008, 384, 144, 128), (800, 384, 160, 128)]
[(1008, 384, 144, 128), (832, 384, 128, 128)]
[(992, 384, 160, 128), (800, 384, 160, 128)]
[(992, 384, 160, 128), (800, 384, 160, 128)]
[(992, 384, 160, 128), (816, 384, 144, 128)]
[(816, 384, 336, 128)]
[(800, 384, 352, 128)]
[(800, 384, 352, 128)]
[(768, 384, 384, 128)]
[(768, 384, 384, 128)]
[(992, 384, 160, 128), (768, 384, 192, 128)]
[(992, 384, 160, 128), (768, 384, 192, 128)]
[(992, 384, 160, 128), (768, 384, 192, 128)]
[(992, 384, 160, 128), (816, 384, 144, 128)]
[(992, 384, 160, 128), (816, 384, 144, 128)]
[(992, 384, 160, 128), (800, 384, 160, 128)]
[(992, 384, 160, 128), (800, 384, 160, 128)]
[(992, 384, 160, 128), (800, 384, 160, 128)]
[(992, 384, 160, 128), (800, 384, 160, 128)]
[(800, 384, 352, 128)]
[(992, 384, 160, 128), (800, 384, 160, 128)]
[(1024, 384, 160, 128), (768, 384, 192, 128)]
[(1024, 384, 192, 128), (800, 384, 160, 128)]
[(1024, 384, 192, 144), (800, 384, 160, 128)]
[(1024, 384, 192, 144), (800, 384, 160, 128)]
[(1024, 384, 192, 128), (768, 384, 192, 128)]
[(1024, 384, 192, 128), (816, 384, 144, 128)]
[(1008, 384, 144, 128), (800, 384, 160, 128)]
[(1024, 384, 192, 128), (800, 384, 160, 128)]
[(1024, 384, 192, 144), (768, 384, 192, 128)]
[(1024, 384, 192, 128), (800, 384, 160, 128)]
[(1024, 384, 192, 128), (800, 384, 160, 128)]
[(1024, 384, 192, 128), (768, 384, 192, 128)]
[(1024, 384, 192, 128), (768, 384, 192, 128)]
[(1024, 384, 192, 128), (800, 384, 160, 128)]
[(1024, 384, 192, 128), (768, 384, 192, 128)]
[(1024, 384, 192, 128), (768, 384, 192, 128)]
[(1024, 384, 192, 128), (768, 384, 192, 128)]
[(1024, 384, 192, 128), (800, 384, 160, 128)]
[(1024, 384, 192, 128), (800, 384, 160, 128)]
[(576, 448, 128, 128), (1008, 384, 208, 128), (800, 384, 160, 128)]
[(1024, 384, 192, 128), (800, 384, 160, 128)]
[(1024, 384, 192, 128), (800, 384, 160, 128)]
[(1024, 384, 192, 128), (800, 320, 160, 192)]
[(1024, 384, 192, 128), (800, 320, 160, 192)]
[(1024, 384, 192, 128), (816, 384, 144, 128)]
[(1024, 384, 192, 128), (800, 384, 160, 128)]
[(1024, 384, 192, 128), (816, 384, 144, 128)]
[(1024, 384, 192, 128), (800, 384, 160, 128)]
[(1024, 384, 192, 128), (768, 384, 192, 128)]
[(1024, 384, 192, 144), (768, 384, 192, 128)]
[(672, 608, 64, 64), (1024, 384, 192, 144), (800, 384, 160, 128)]
[(1024, 384, 192, 144), (800, 384, 160, 128)]
[(704, 608, 64, 64), (1024, 384, 192, 144), (768, 384, 192, 128)]
[(672, 608, 64, 64), (1024, 384, 192, 144), (816, 384, 144, 128)]
[(672, 576, 96, 96), (1024, 384, 192, 128), (800, 384, 160, 128)]
[(1024, 384, 192, 128), (800, 384, 160, 128)]
[(1024, 384, 192, 144), (768, 384, 192, 128)]
[(1024, 384, 192, 144), (768, 384, 192, 128)]
[(704, 608, 128, 64), (1024, 384, 224, 144), (832, 384, 128, 128)]
[(672, 576, 96, 96), (1024, 384, 192, 128), (832, 384, 128, 128)]
[(640, 608, 160, 64), (1024, 384, 192, 128), (816, 384, 144, 128)]
[(1024, 384, 192, 128), (816, 384, 144, 128)]
[(1024, 384, 224, 128), (816, 384, 144, 128)]
[(1024, 384, 224, 128), (816, 384, 144, 128)]
[(1024, 384, 192, 128), (816, 384, 144, 128)]
[(1024, 384, 224, 128), (816, 384, 144, 128)]
[(1024, 384, 224, 128), (816, 384, 144, 128)]
[(1024, 384, 224, 128), (816, 384, 144, 128)]
[(1024, 384, 224, 128), (800, 384, 160, 128), (736, 320, 64, 64)]
[(1056, 384, 192, 128), (800, 384, 160, 128)]
[(1056, 416, 192, 96), (816, 384, 144, 128)]
[(1056, 384, 192, 128), (816, 384, 144, 128)]
[(1056, 384, 192, 128), (816, 384, 144, 128)]
[(1056, 384, 192, 128), (816, 384, 144, 128)]
[(1056, 384, 192, 128), (816, 384, 144, 128)]
[(1088, 384, 128, 128), (816, 384, 144, 128)]
[(1088, 384, 160, 128), (816, 384, 144, 128)]
[(1088, 384, 128, 128), (816, 384, 144, 128)]
[(1088, 384, 128, 128), (816, 384, 144, 128)]
[(1088, 384, 128, 128), (816, 384, 144, 128)]
[(816, 384, 144, 128), (1008, 336, 208, 176)]
[(816, 384, 144, 128), (1008, 336, 240, 176), (576, 256, 128, 128)]
[(1088, 384, 160, 128), (800, 384, 160, 128), (576, 256, 128, 128)]
[(1088, 384, 160, 128), (816, 384, 144, 128), (576, 256, 128, 128)]
[(1088, 384, 160, 128), (816, 384, 144, 128), (576, 256, 128, 128)]
[(1088, 384, 128, 128), (816, 384, 144, 128), (576, 256, 128, 128)]
[(1088, 384, 160, 128), (816, 384, 144, 128), (576, 256, 128, 128)]
[(1088, 384, 160, 128), (800, 384, 160, 128), (576, 256, 128, 128)]
[(1088, 384, 160, 128), (816, 384, 144, 128)]
[(1088, 384, 160, 128), (816, 384, 144, 128)]
[(1088, 384, 160, 128), (816, 384, 144, 128)]
[(1088, 384, 128, 128), (768, 384, 192, 128)]
[(1088, 384, 128, 128), (768, 384, 192, 128)]
[(1088, 384, 128, 128), (768, 384, 192, 128)]
[(1088, 384, 128, 128), (768, 384, 192, 128)]
[(1088, 384, 128, 128), (768, 384, 192, 128)]
[(1088, 384, 128, 128), (768, 384, 192, 128)]
[(1088, 384, 128, 128), (768, 384, 192, 128)]
[(1088, 384, 128, 128), (800, 384, 160, 128)]
[(672, 448, 64, 64), (1088, 384, 128, 128), (768, 384, 192, 128)]
[(672, 448, 64, 64), (1088, 384, 128, 128), (816, 384, 144, 128)]
[(1088, 384, 128, 128), (768, 384, 192, 128)]
[(1088, 384, 128, 128), (768, 384, 192, 128)]
[(1088, 384, 128, 128), (768, 384, 192, 128)]
[(1088, 384, 128, 128), (704, 384, 256, 160)]
[(1088, 384, 128, 128), (768, 384, 192, 128)]
[(672, 448, 64, 64), (1088, 384, 128, 128), (768, 384, 192, 128)]
[(704, 544, 64, 64), (1088, 384, 128, 128), (832, 384, 128, 128)]
[(704, 576, 128, 64), (1088, 384, 128, 128), (768, 384, 192, 128)]
[(704, 608, 160, 64), (1088, 384, 160, 144), (768, 384, 192, 128)]
[(1088, 384, 160, 144), (768, 384, 192, 128)]
[(704, 544, 96, 128), (1088, 384, 128, 144), (768, 384, 192, 128)]
[(640, 608, 224, 64), (1088, 384, 128, 144), (768, 384, 192, 128)]
[(608, 608, 64, 64), (768, 576, 64, 64), (960, 544, 128, 96), (1088, 384, 128, 144), (768, 384, 192, 128)]
[(1120, 608, 64, 64), (992, 544, 96, 96), (736, 544, 128, 128), (1088, 384, 128, 144), (768, 384, 192, 128)]
[(1056, 576, 96, 64), (1088, 384, 128, 144), (768, 384, 192, 128)]
[(672, 608, 128, 64), (1056, 576, 64, 64), (1088, 384, 128, 144), (816, 384, 144, 128)]
[(1088, 384, 128, 144), (816, 384, 144, 128)]
[(576, 576, 160, 96), (1088, 384, 128, 144), (816, 384, 144, 128)]
[(720, 576, 96, 96), (800, 384, 160, 128), (1056, 320, 160, 192)]
[(768, 576, 64, 96), (1088, 384, 128, 128), (800, 384, 160, 128)]
[(704, 576, 160, 96), (1088, 384, 128, 128), (800, 384, 160, 128)]
[(720, 576, 96, 96), (1088, 384, 128, 128), (768, 384, 192, 128)]
[(608, 608, 64, 64), (800, 384, 160, 128), (1088, 320, 128, 192)]
[(736, 576, 128, 96), (1088, 384, 128, 128), (800, 384, 160, 128)]
[(768, 608, 96, 64), (624, 576, 96, 96), (1088, 384, 128, 128), (768, 384, 192, 128)]
[(800, 608, 64, 64), (608, 608, 160, 64), (800, 384, 160, 128), (1088, 320, 128, 208)]
[(704, 608, 64, 64), (608, 608, 64, 64), (1088, 384, 128, 128), (816, 384, 144, 128)]
[(608, 608, 64, 64), (1104, 432, 96, 96), (816, 384, 144, 128)]
[(704, 608, 64, 64), (608, 608, 64, 64), (1104, 416, 112, 112), (816, 384, 144, 128)]
[(704, 608, 64, 64), (1104, 416, 112, 112), (816, 384, 144, 128)]
[(704, 608, 128, 64), (1104, 432, 96, 96), (768, 384, 192, 128), (1184, 320, 64, 64)]
[(704, 608, 128, 64), (800, 384, 160, 128)]
[(1088, 384, 128, 128), (800, 384, 160, 128), (640, 320, 64, 64)]
[(1088, 384, 128, 128), (800, 384, 160, 128)]
[(800, 384, 160, 128)]
[(1088, 384, 128, 128), (800, 384, 160, 128)]
[(800, 384, 160, 128)]
[(800, 384, 160, 128)]
[(800, 384, 160, 128)]
[(800, 384, 160, 128)]
[(800, 384, 160, 128)]
[(816, 384, 144, 128)]
[(800, 608, 64, 64), (800, 384, 160, 128)]
[(1184, 416, 64, 64), (800, 384, 160, 128)]
[(1184, 416, 64, 64), (800, 384, 160, 128)]
[(608, 608, 64, 64), (1184, 416, 64, 64), (800, 384, 160, 128)]
[(640, 608, 64, 64), (800, 384, 160, 128)]
[(1152, 416, 64, 64), (800, 384, 160, 128)]
[(704, 608, 64, 64), (1152, 384, 96, 96), (800, 384, 160, 128)]
[(800, 384, 160, 128)]
[(704, 608, 64, 64), (1184, 384, 64, 96), (800, 384, 160, 128)]
[(704, 608, 64, 64), (1184, 384, 64, 64), (800, 384, 160, 128)]
[(608, 608, 128, 64), (1184, 384, 64, 64), (800, 384, 160, 128)]
[(608, 608, 64, 64), (1152, 384, 96, 96), (800, 384, 160, 128)]
[(608, 608, 64, 64), (1184, 384, 64, 96), (800, 384, 160, 128)]
[(608, 608, 64, 64), (1184, 384, 64, 64), (1056, 384, 96, 96), (800, 384, 160, 128)]
[(672, 608, 64, 64), (1184, 384, 64, 64), (800, 384, 160, 128)]
[(672, 608, 64, 64), (1184, 384, 64, 96), (768, 384, 192, 128)]
[(624, 576, 112, 96), (1184, 416, 64, 64), (1056, 384, 96, 96), (800, 384, 160, 128)]
[(624, 576, 96, 96), (800, 384, 160, 128)]
[(624, 576, 96, 96), (1184, 384, 64, 96), (800, 384, 160, 128)]
[(1184, 384, 64, 64), (800, 384, 160, 128)]
[(1184, 384, 64, 64), (800, 384, 160, 128)]
[(816, 384, 144, 128)]
[(816, 384, 144, 128)]
[(800, 384, 160, 128)]
[(1152, 448, 64, 64), (800, 384, 160, 128)]
[(1152, 448, 64, 64), (800, 384, 160, 128)]
[(1152, 448, 96, 64), (768, 384, 144, 128)]
[(1184, 448, 64, 64), (800, 384, 160, 128)]
[(1184, 448, 64, 64), (800, 384, 112, 96)]
[(704, 608, 128, 64), (800, 384, 160, 128)]
[(1152, 416, 64, 64), (800, 384, 160, 128)]
[(1152, 416, 64, 64), (800, 384, 160, 128)]
[(800, 384, 112, 96)]
[(800, 384, 112, 96)]
[(800, 384, 112, 96)]
[(800, 384, 112, 96)]
[(800, 384, 160, 128)]
[(768, 384, 192, 128)]
[(800, 384, 160, 128)]
[(1056, 384, 96, 96), (800, 384, 112, 96)]
[(1056, 384, 96, 96), (768, 384, 192, 128)]
[(704, 608, 64, 64), (768, 384, 192, 128)]
[(704, 608, 64, 64), (768, 384, 192, 128)]
[(704, 608, 64, 64), (768, 384, 192, 128)]
[(768, 384, 192, 128)]
[(768, 384, 192, 128)]
[(768, 384, 144, 128)]
[(704, 576, 112, 96), (576, 576, 96, 96), (768, 384, 144, 128)]
[(720, 576, 96, 96), (576, 576, 96, 96), (768, 384, 192, 128)]
[(624, 576, 96, 96), (768, 384, 144, 128)]
[(736, 608, 64, 64), (1184, 416, 64, 64), (768, 384, 144, 128)]
[(1184, 416, 64, 64), (768, 384, 144, 128)]
[(768, 384, 144, 128)]
[(720, 576, 96, 96), (768, 384, 144, 128)]
[(720, 576, 96, 96), (768, 384, 144, 128)]
[(736, 608, 64, 64), (768, 384, 144, 128)]
[(768, 384, 144, 128)]
[(768, 384, 144, 128)]
[(768, 384, 144, 128)]
[(672, 576, 96, 96), (768, 384, 144, 128)]
[(576, 576, 96, 96), (768, 384, 144, 128), (960, 256, 128, 128)]
[(768, 256, 320, 256)]
[(768, 256, 320, 256)]
[(832, 608, 64, 64), (1184, 416, 64, 64), (768, 384, 128, 128), (960, 256, 128, 128)]
[(576, 576, 96, 96), (1184, 416, 64, 64), (768, 384, 128, 128)]
[(672, 576, 144, 96), (704, 384, 192, 128)]
[(768, 384, 128, 128)]
[(640, 608, 64, 64), (720, 576, 96, 96), (1184, 416, 64, 64), (768, 384, 128, 96)]
[(672, 608, 64, 64), (1184, 416, 64, 64), (768, 384, 128, 128)]
[(736, 608, 64, 64), (576, 576, 96, 96), (1184, 416, 64, 64), (768, 384, 128, 128)]
[(1184, 416, 64, 64), (768, 384, 128, 128)]
[(624, 576, 96, 96), (1184, 416, 64, 64), (768, 384, 128, 128)]
[(1184, 416, 64, 64), (768, 384, 128, 128)]
[(640, 608, 64, 64), (768, 384, 128, 128)]
[(1184, 416, 64, 64), (768, 384, 128, 128)]
[(736, 608, 64, 64), (768, 384, 128, 128)]
[(704, 608, 64, 64), (768, 384, 128, 128)]
[(768, 384, 128, 128)]
[(768, 384, 128, 128)]
[(768, 384, 144, 96)]
[(768, 384, 128, 128)]
[(768, 384, 144, 128)]
[(624, 576, 96, 96), (768, 384, 144, 96)]
[(768, 384, 144, 128)]
[(624, 576, 96, 96), (768, 384, 144, 128)]
[(624, 576, 112, 96), (768, 384, 144, 128)]
[(624, 576, 96, 96), (768, 384, 128, 128)]
[(624, 576, 96, 96), (768, 384, 144, 128)]
[(768, 384, 128, 128)]
[(672, 576, 96, 96), (768, 384, 128, 128)]
[(768, 384, 144, 128)]
[(768, 384, 144, 144)]
[(704, 384, 208, 128)]
[(768, 384, 144, 128)]
[(768, 384, 128, 128)]
[(768, 384, 128, 128)]
[(768, 384, 128, 128)]
[(768, 384, 128, 128)]
[(704, 384, 192, 128)]
[(672, 576, 96, 96), (768, 384, 128, 128)]
[(768, 384, 128, 128)]
[(672, 576, 96, 96), (704, 384, 192, 128)]
[(704, 384, 208, 128)]
[(704, 384, 208, 128)]
[(704, 384, 208, 128)]
[(704, 608, 128, 64), (704, 384, 208, 128)]
[(768, 384, 144, 128)]
[(672, 608, 64, 64), (768, 384, 144, 128)]
[(800, 384, 112, 96)]
[(704, 384, 208, 128)]
[(672, 576, 96, 96), (768, 384, 144, 128)]
[(672, 608, 96, 64), (768, 384, 144, 128)]
[(800, 608, 64, 64), (768, 384, 144, 128)]
[(768, 384, 144, 128)]
[(768, 608, 64, 64), (704, 384, 208, 128)]
[(768, 384, 144, 128)]
[(704, 384, 208, 128)]
[(768, 384, 144, 128)]
[(768, 384, 144, 128)]
[(768, 384, 144, 128)]
[(768, 384, 144, 128)]
[(768, 384, 144, 128)]
[(768, 384, 144, 128)]
[(800, 384, 112, 96)]
[(800, 384, 112, 96)]
[(800, 384, 112, 96)]
[(800, 384, 112, 96)]
[(800, 384, 112, 96)]
[(800, 384, 112, 96)]
[(768, 384, 144, 128)]
[(768, 384, 144, 128)]
[(800, 384, 112, 96)]
[(768, 384, 144, 128)]
[(800, 384, 112, 96)]
[(800, 384, 112, 96)]
[(768, 384, 144, 128)]
[(768, 384, 144, 128)]
[(768, 384, 144, 128)]
[(800, 384, 112, 96)]
[(768, 384, 144, 128)]
[(768, 384, 144, 128)]
[(768, 384, 144, 128)]
[(800, 384, 112, 96)]
[(800, 384, 112, 96)]
[(800, 384, 112, 96)]
[(800, 384, 112, 96)]
[(800, 384, 112, 96)]
[(800, 384, 112, 96)]
[(768, 384, 144, 128)]
[(768, 384, 144, 96)]
[(768, 384, 144, 128)]
[(768, 384, 144, 128)]
[(768, 384, 144, 128), (960, 256, 128, 128)]
[(768, 384, 144, 128)]
[(768, 384, 144, 128)]
[(768, 384, 144, 128)]
[(768, 384, 128, 128)]
[(768, 384, 144, 128)]
[(768, 384, 144, 96)]
[(768, 384, 144, 128)]
[(768, 384, 144, 128)]
[(768, 384, 144, 128)]
[(768, 384, 144, 128)]
[(768, 384, 144, 128)]
[(768, 384, 144, 128)]
[(768, 384, 144, 128)]
[(768, 384, 144, 128)]
[(768, 384, 144, 128)]
[(768, 384, 128, 128)]
[(768, 384, 128, 128)]
[(768, 384, 144, 128)]
[(768, 384, 128, 128)]
[(768, 384, 128, 128)]
[(768, 384, 128, 128)]
[(768, 384, 128, 128)]
[(768, 384, 128, 128)]
[(768, 384, 128, 128)]
[(768, 384, 128, 128)]
[(768, 384, 128, 128)]
[(768, 384, 128, 128)]
[(768, 384, 128, 128)]
[(1184, 384, 64, 64), (768, 384, 128, 128)]
[(1184, 384, 64, 64), (768, 384, 128, 128)]
[(768, 384, 128, 128)]
[(768, 384, 128, 128)]
[(768, 384, 128, 128), (1024, 256, 128, 128)]
